47.827586206897
47.803448275862
47.816206896552
47.793206896552
47.806989655172
47.78491137931
47.799523689655
47.812674768966
47.824510740345
47.766197597345
47.817164044507
47.828551088332
47.804316669154
47.851471209135
47.859427536498
47.832105472503
47.807515614908
47.819867501693
47.830984199799
47.840989228095
47.849993753562
47.858097826481
47.865391492109
47.802990273933
47.815794694815
47.82731867361
47.837690254525
47.812541918727
47.82439117513
47.835055505893
47.84465340358
47.818808752877
47.830031325865
47.840131641555
47.849221925675
47.753954905521
47.771662863245
47.822082783817
47.832977953711
47.808300847995
47.820574211472
47.8316202386
47.772596145775
47.891888255335
47.792354602215
47.80622259027
47.853186538139
47.860971332601
47.799012130376
47.812214365614
47.858579135949
47.86582467063
47.803380134602
47.781662810797
47.796599977993
47.810043428469
47.822142533898
47.833031728784
47.808349245561
47.820617769281
47.831659440629
47.841596944842
47.816057940013
47.758590077046
47.810317276238
47.82238899689
47.798770786856
47.811997156446
47.892866406319
47.862200455342
47.869083858084
47.840796161931
47.849819994013
47.823458684267
47.834216264116
47.843898085981
47.852611725658
47.825971242748
47.836477566749
47.88041601697
47.850995104929
47.824516284091
47.835168103958
47.844754741838
47.85338271593
47.895630651233
47.864688275765
47.871322896465
47.842811296473
47.851633615102
47.859573701868
47.866719779957
47.873151250237
47.844456814868
47.887597340278
47.822975537285
47.868264190453
47.874541219683
47.84570778737
47.92320597415
47.923988825011
47.890210632165
47.859810258604
47.866932681019
47.873342861193
47.87911202335
47.884304269291
47.854494532017
47.862148527091
47.869037122658
47.909719617289
47.877368345215
47.91721771759
47.884116635486
47.854325661593
47.827513785089
47.906831372097
47.874768924542
47.914878238985
47.950976621983
47.845534132198
47.923049684496
47.889365405701
47.893532313407
47.931765288963
47.897209449722
47.831626435784
47.910532757723
47.878100171606
47.883393602721
47.888157690725
47.96141088717
47.923890488108
47.959087646194
47.921799571229
47.922723062382
47.889071445799
47.927750508116
47.893596146959
47.93182273916
47.93174391352
47.897190211823
47.935057397537
47.934655106059
47.899810285109
47.937415463494
47.936777365421
47.936203077155
47.935686217715
47.935221044219
47.934802388073
47.934425597542
47.968569244684
47.964815768492
47.961437639918
47.958397324202
47.955661040058
47.987681142949
47.947533718309
47.980366553375
48.044398863554
47.998579666854
47.957342389824
47.954711599117
47.986826646102
47.946764671147
48.01415716955
47.902396625009
47.974225928025
47.935424024878
47.900502312045
47.972521046358
47.968372389998
47.930155840653
47.930243704864
47.964805541274
47.926945676802
47.927354557397
47.962205308554
47.924605467354
47.959731127515
47.956861463039
47.954278765011
47.986437095407
47.946414075521
47.944876116245
47.909009194276
47.911211723124
47.913193999087
47.949460806075
47.947618173744
47.911477046024
47.913432789698
47.949675717625
47.947811594138
47.946133883
47.944623942976
47.943264996954
47.976524704155
47.971975682016
48.002364320711
47.995231336915
47.9888116515
47.948551176005
47.91231674806
47.94867128015
47.946907600411
47.979803047267
47.974926190816
47.936054261389
47.970035042147
47.966134986208
47.928142177243
47.962914166415
47.959726198049
47.95685702652
47.919792013523
47.955399019068
47.952962565437
47.950769757169
47.983278988348
47.943571779169
47.942318049528
47.975672451472
48.040174171842
47.994777444313
47.953920389537
47.951631798859
47.949572067249
47.98220106742
47.942601650334
47.941444933576
48.009369405736
47.932570396197
47.966899563474
47.963313055402
47.960085198138
47.99166288522
48.020082803595
48.011177971511
48.003163622636
47.995950708648
47.989459086059
47.983616625729
47.978358411432
48.008108777186
48.000401347743
47.958981902624
47.956187160637
47.98815465147
48.01692539322
47.973853543553
47.969571637473
48.000200680623
48.027766819457
47.949128068546
47.981801468588
48.011207528626
47.968707465418
47.964940167152
47.996032357334
48.058498087117
48.045751726682
48.06876276091
48.020507174474
48.011559905303
48.003507363048
48.065225592261
48.05180648131
47.970763764214
48.07023911193
48.056318649013
48.043790232388
47.998031898804
48.060297674441
48.081854113893
48.06677215078
48.053198383978
48.075464752477
48.061021725505
48.082505759851
48.067358632142
48.122691734445
48.069043250655
48.124207891107
48.139373308893
48.084056667659
48.13771996641
48.117051418045
48.167415241758
48.143777165858
48.122502897548
48.13783881469
48.151641140117
48.129580474381
48.109725875219
48.195305011835
48.134395200307
48.079576369931
48.099204939835
48.116870652748
48.063804277128
48.085010056312
48.104095257577
48.086789180095
48.140179227603
48.050299235877
48.107338277807
48.089707898302
48.108323315368
48.090594432107
48.074638437173
48.129243558973
48.109422651351
48.091583834492
48.110011657939
48.092113940421
48.110488753276
48.092543326224
48.076392441877
48.096339404586
48.114291671024
48.061483193577
48.048438322495
48.036697938521
48.026131592945
48.085587399168
48.070132107527
47.987256827809
48.016117351924
47.973126306387
47.968917124024
47.999611618518
48.061719422184
48.048650928241
48.036889283693
48.0263038036
47.982294112895
48.011650908502
48.038072024548
47.923919994507
47.890148684712
47.859754505896
47.866882503582
47.8732977015
47.913554138246
47.915302172697
47.847909886462
47.925187863333
47.891289766655
47.860781479645
47.833324021335
47.843095067478
47.886371767627
47.89083803914
47.82589216626
47.83640639791
47.811386447774
47.754385734031
47.806533367525
47.784500720427
47.799154096661
47.81234213527
47.824211370019
47.834893681293
47.87899052006
47.849712157709
47.892327148835
47.861715123607
47.868647059522
47.909368560466
47.877052394075
47.882450602943
47.852826232304
47.86064705735
47.902168558511
47.836089633694
47.880066877222
47.850680879155
47.893198998136
47.862499787977
47.834870498835
47.810004138606
47.822107173022
47.867482662616
47.83935508601
47.848523025684
47.787808654151
47.802131237011
47.746056044345
47.799036646807
47.777753671781
47.8275645115
47.803428750005
47.81618932328
47.793191080607
47.772492662202
47.788346844258
47.837098366728
47.77752646109
47.758394504636
47.672210226586
47.732575410824
47.648973042156
47.677179186216
47.737047474491
47.687480658076
47.677353281924
47.633755884766
47.663483744565
47.690238818385
47.679835626201
47.739438270478
47.689632374464
47.713772585294
47.73549877504
47.686086828571
47.74506435261
47.763661365625
47.745915918718
47.764427775122
47.746605687265
47.799531325435
47.847164399788
47.786585890844
47.732065232794
47.786444916411
47.800903873046
47.779434175396
47.794594206133
47.808238233795
47.786035100071
47.766052279719
47.713584982782
47.7698126914
47.785934870536
47.834927590379
47.810055520996
47.753187899931
47.770972558214
47.718013233427
47.73931535836
47.792970029421
47.772293716134
47.788167792796
47.802454461792
47.780829705268
47.830332941638
47.771437578509
47.752914510313
47.805209266178
47.852274546457
47.791185022846
47.770687210216
47.786721937471
47.766670433379
47.748624079696
47.766865120002
47.817764814899
47.863574540305
47.83583777593
47.845357446613
47.853925150227
47.792670566239
47.875472475132
47.846545917274
47.854994773823
47.862598744716
47.869442318521
47.875601534944
47.881144829726
47.92061655365
47.852692829319
47.895009753284
47.933094984852
47.898406176022
47.936151765316
47.866674519819
47.873110516113
47.947868430019
47.877219518052
47.848118255902
47.821927119967
47.798355097625
47.846105794759
47.88908142218
47.824311210996
47.834983538173
47.81010587401
47.856681493506
47.864116792431
47.801843044223
47.814762188076
47.826389417544
47.905819441307
47.908340945452
47.876127540562
47.847135476161
47.890008135442
47.859628011553
47.901251417294
47.938712482461
47.937944682491
47.902770903897
47.871114503162
47.877106501122
47.882499299286
47.921835576254
47.888272708284
47.961514402972
47.958466410951
47.955723218132
47.953254344594
47.985515117032
47.945584294984
47.978612072382
48.111785347902
47.990261985526
48.01882199387
48.07900876
48.064211332276
48.119859164566
48.135459455006
48.183982475022
48.193170434417
48.13247408063
48.146812879464
48.159717798414
48.171332225469
48.112819692577
48.129123930216
48.178280502712
48.257004176578
48.258889965817
48.226104417511
48.231080182657
48.201075612667
48.139588741055
48.153216073846
48.027549638876
48.017898123264
48.043694517834
48.066911272947
48.15677186979
48.134198131087
48.217330042116
48.257666003422
48.190520092735
48.199054290358
48.172252309598
48.182613285535
48.122972646637
48.138261588869
48.152021636879
48.129922921467
48.144516836217
48.123168600871
48.13843794768
48.117697601188
48.099031289345
48.082231608687
48.101594654715
48.084538637519
48.103670980664
48.051924572252
48.039835563303
48.063438213869
47.981232323517
47.94172978082
48.009625768256
47.967283881085
47.929176182632
47.963844771265
47.995046501035
48.023128057828
47.94495318308
47.978044071668
47.973343112778
48.003595008396
47.996338955833
47.920842991284
47.956344899052
47.988296616043
47.948087644094
48.015347845202
47.972433750337
48.0027765822
47.961119613635
47.958111100547
47.955403438768
48.021932060409
47.943876785402
47.977075313759
48.006953989279
47.999362038627
47.992529283041
47.986379803012
48.015328029608
48.006898674923
47.999312255706
47.992484478412
47.986339478846
47.980808979238
48.01031428821
48.002386307665
47.995251125174
48.023312219554
48.014084445874
47.971296690942
47.932787711503
47.967095147249
47.9634890808
47.925760862375
47.926288224414
47.961245608869
47.958224496258
47.989988253529
47.984092876452
47.944304278462
47.977460057512
48.007300258657
47.999673681067
47.958327002616
47.95559775063
47.953141423843
47.950930729735
47.948941105037
47.98163320143
47.976573329563
47.937536686262
47.902403707291
47.939749543458
47.904395278767
47.907059199167
47.909456727526
47.94609726167
47.910108225158
47.877718092297
47.883049731343
47.853365447864
47.861132351354
47.937088081736
47.901999963217
47.939386173792
47.869585487447
47.875730386978
47.915743555177
47.848307130694
47.891062624521
47.826094293103
47.836588312069
47.811550170517
47.857981360362
47.934252189843
47.864964901893
47.87157185998
47.877518122258
47.848386999687
47.891134506615
47.860641745609
47.867681019324
47.839533607046
47.883166453238
47.85347049757
47.826744137468
47.837173171997
47.881042061694
47.85155854518
47.893988897558
47.828727938837
47.838958593229
47.882648940803
47.887487494998
47.857359435154
47.864726939914
47.836874935578
47.880773648917
47.885799732301
47.855840448726
47.863359852129
47.835644556571
47.879666307811
47.884803125306
47.85494350243
47.828069841842
47.838366305934
47.847633123616
47.82149050091
47.866927657716
47.838855581599
47.848073471715
47.856369572819
47.829353305193
47.839521422949
47.84867272893
47.822426145692
47.86776973802
47.908578971114
47.841859005037
47.816293794189
47.793285104425
47.841542800879
47.850491969067
47.824063461816
47.800277805289
47.847836231657
47.821673298146
47.832609416608
47.842451923223
47.851310179176
47.859282609534
47.831975038236
47.807398224068
47.854244608558
47.827440837357
47.837800201897
47.812640871363
47.824480232502
47.800652898907
47.779208298672
47.897839192942
47.832193204683
47.80759457387
47.819938564758
47.831048156558
47.875529547799
47.846597282674
47.820558244062
47.831605867932
47.807065970794
47.81946282199
47.796137229446
47.775144196157
47.825215983438
47.766832316128
47.852218050033
47.825616934685
47.801675930871
47.849094544681
47.857288538489
47.830180374295
47.805783026521
47.783825413524
47.660615285964
47.756622722885
47.774063898873
47.789760957261
47.76940555119
47.820051202968
47.831149530947
47.910103543369
47.808748361446
47.820976973578
47.900948241737
47.834991348598
47.810112903393
47.82220506133
47.833088003473
47.877365410022
47.813766800054
47.859976326945
47.867082142527
47.838994617929
47.848198604412
47.787516675005
47.870833973022
47.842371265375
47.851237587113
47.824734518057
47.835364514527
47.844931511351
47.853541808491
47.826808317297
47.802748175223
47.781094047356
47.830570849517
47.80613445422
47.784141698453
47.833313735505
47.739637534368
47.758777229207
47.776002954562
47.791506107382
47.770976186299
47.786982015945
47.766904504006
47.852283019122
47.756709889624
47.808625107558
47.786383286457
47.835331164708
47.810418737893
47.822480312379
47.798852970796
47.812071121993
47.789484699449
47.80363967778
47.816379158277
47.793361932105
47.841611945791
